김
100027964147512
100021472112670
thaoquyen.tranthi.14
100009393612362
100008129409493
100023286817170
100013082820179
100001284805860
100032888110916
100028912253554
100025203782024
100029676794159
100022159958271
100024269231584
100023926184523
100028631056094

이
100021942252259
www.joasooklee
foxrainlady
korea.jilee
100007288538502
100004232671901
100003825308094
pullip2000
100002110328659
100002294865864
100015836205707
100005600149374
100003599544743
100034542610351

박
100031983864090
100030912197635
100026506087999
100026401211274
100031987967653
100009114073255
100030078923475
100027959588743
100030190342676
100032530423302
100030148096881
100009401480720
100006893401089
100025273721518
100011600809738
100032906409345

최
100016163717027
100009385246829
100025722798855
100006053741556
100033812856224
100025680034559
100025673441333
100012827621405
jecspec
100014008637210
100023306351328
100030874060616
100006522614314
100022546756478

정
100022830770647
100026249842453
100009895725847
100003711757374
100006457521545
100029595134287
100012283691799
100010671877843
100006745906504
100032681346048
100025279597122
100006529938179
100025000638358
100023185158325

강
100032225985078
gang.lu.792
gang.xiang.1
gang.du.73
gang.he.54
100024567458057
xingang.zhao.5
Milktea.dragon
100012623234391
gang.zhao.186590
100032178813915
xiang.gang
100011556979235
100004754178185
100031016015580

조
100010203759931
100030664560591
100026300143977
100023179963545
100009714092776
100025376325847
cameraianyj
100030446021332
100017864827454
100006972679209
100030971974512
100034793760010
100004681068298
100027385877653

윤
fireplacea
violet7509bgh
100011845806219
100003374826103
100034014944763
100017289485236
100006329584595
100028759772130
100031676082936
100032006865024
100023587878009
100010929964945
100031380769135
100010189713284
100028925233473

장
100031139742955
margo.cansou.92
kagura.takashi.5
100002058313881
100026897993839
100011675240245
100008078614061
100029677775495
100021426318096
100004131221676
100034051500421
100031158605719
100028229055537
100005029260330
rizimi

임
gui.wang.79677
100025079405722
100006414102185
100033149500487
100026555724278
100030090948258
100005279101628
100019641375433
slothbabe
100023874992699
100024987614275
100002004821742
100022871411116
2.20Kg
100023710426072
100013689438033

한
euijinprincesa
baejigur.baejigur.37
100011413103555
100001979451751
100033655956812
hieu.dumboo
100010254584767
dearhyun
100007100170127
100026691286430
100028631722123
100023058106491
100018127382268
100005513445402
100030697260406

오
100013559678459
idolamoda
100001467583338
100002666049771
100028887575745
100018292171416
100032732063911
Hyeyoring
100024401131956
100024574913486
100020141051903
100001349549231
100003623584936
Ovely0.0
100033372220342

서
100026814201786
100028816240803
100029416512564
100030944251477
100023081120090
100007682868322
100023060931619
100023935241126
100022607986683
100031046954533
100009667610116
100032643870875
100032733127688
100033644352906

신
100011113351336
100028839133847
100006660723554
100033488392066
100004507027931
100030619492456
100023184009302
100008196750030
susan.sin.9022
100023564192515
100030931275398
100031633247945
100021964029902
nacos.sin.33

권
100028648780982
yatsuco.fleurytuux.5
100017875173771
100001829513477
100003659560949
100000996177818
100006270488094
100006094094532
100027712119328
100027677627536
100008268103822
artbara
100030613934447
100006840525969

황
filhodo.kptacu.1
ashe.linda.75
hwang.hyunjin.37201901
kim.samuel.98499
100011287924758
hwangjeann
100034223793990
100023439018649
100032752156922
100005261506211
100029003208495
100001839461716
meuzzigun
100006739023549
100033770682175
byunghwi.hwang

안
haruto.matsuda.14
100028838415839
100009212276263
100032164843709
ahn0801
junkeul
100004886142365
100007489278914
100015781159063
100006631566001
100030549852067
100009370812964
100033764656447
100025128143730

송
sssonghyeong
100009353052721
eden.song.16
100034594660913
100011924083998
jigo0525
10y21
100030989531102
100029216558486
100024052146225
100005196524458
abcchocolike
100002119210347
100005010075781

전
angellvbl
100033024910865
100030801878239
100023096714994
100012323406147
100006153216427
100027839685677
100010250593403
100027933743009
100009977430626
100012880607307
100022765211201
100032335761211
100010635973862
100018556330858

홍
100025633601960
josedealencarxuxu
100001646071601
hgp1052
100026374773416
dkwndgksk
100033951904830
100005452093629
100028649227142
ypbupyeong
100034058805958
hong.choi.96
100006470553850
100010272606381
100023189921670
100007660212763

유
yukirotasie
100028620492464
100030884109336
shyun6896
sksmsgksthf
100033085032042
100004897518685
callmjy
100011217300072
100006279457122
100009682892705
100024775208048
100019821376345
100031184883567

고
100025097800406
100027804588443
100007268923495
100007823912184
go.live.9674
100024048293796
100014298396498
100006501381661
100008529093644
100009719883678
100009540603678
100022145641940
jane.go.503
100031978210218

문
nyashia.cansoudavida.5
kayn.kayn.7773631
cindy.amaodepravacao.7
onix.onix.18041
lan.xinya
kevin.moon.14661
nicolemorgenstenwolflangvsf
100024637337624
100012929383338
100034656453717
100030511087725
shm00n
100007113259030
100024524560081

양
kazuo.kazuo.9465
mackenzie.miller.3114935
100025241261877
maxwell.bluemoon
baikkokmantanciaa
100023248643323
sehee2160
100032220696052
100007359693248
100033405211361
bmbisus
snow3366
100023029504406
100001981466647
100001302718532
100011332034202

손
void.monseur.5
merliaamaminji
100030842821998
queenslovsr1
ronan.ya.311
100024355112386
100030458311392
100001840160110
100026867624265
100002101781685
100028111838416
100021480682790
100005678831708
100023284881412

배
prism.prism.5688
ayamatveev
bjyoung.b
swxxtb
chan.lie.9085
100010843639512
100010771454034
100004391770001
100024490568745
100013322439888
100025080903285
100027703761295
100024693683610
kctukm
100006510459388
100000965003983

조
100010203759931
100030664560591
100026300143977
100023179963545
100009714092776
100025376325847
cameraianyj
100030446021332
100006972679209
100017864827454
100032603299166
100006493883391
100006786221486
100030971974512

백
mnjnhi
xkacielx
100002263037888
100034591063170
100028825389457
100024621908386
100001039782426
100016636931375
younggyung.paix
100009329182951
100026314540574
bbkack
selsrv
100009155632475
100028328176834

허
valkyeon.valkyeon.1
bananayy
gxrexta
askax.null
100003073551031
100012683229209
100004147651222
100023850104834
100031791936957
100030810801356
100005927708182
100006867286935
heart6284
100005188067932
100023328333983
100004789488443

유
yukirotasie
100028620492464
100030884109336
shyun6896
sksmsgksthf
100033085032042
100004897518685
100024775208048
100004158128002
100032551729082
100025193354803
100033533255669
100006243459859
100006685924462
100030668582807

남
nartaruga.tinja
100023467935616
100026339813975
prada1004
100001897230669
100004087747927
seokhyun.nam
100034652497340
100011368606815
100017789341501
100004035085597
100033877957683
100023992028788
100006560176238

심
sim.beverly.7
sim.tepboprek.1
100034013689021
100025236919616
tlathfdk
sim.mie.1694
100005091829161
100017232931881
100026123777697
100005364576444
100007935377750
100008727196508
eileen.sim.10
100024016507815

노
imaturoj
nttelx
100034721321614
100034654637293
100034898131419
100033626415850
100028008047613
100023753721972
100004848997865
100031536097141
100006302834189
100024838612400
ignapaul
100024511804429
100026489223223

정
100022830770647
100026249842453
100009895725847
100003711757374
100006457521545
100029595134287
100012283691799
100025279597122
100006529938179
100028410920029
100029686386835
100033062233528
100025016734653
100007116900990
100005463037071

하
eros.seila.9
leebadsin
100033670402028
100024843151184
100027264881718
100004749902899
100027385536282
100026429784307
100032479080896
100030674414123
100023141510738
100011678692968
100001886280980
100018017925796

곽
100033643996028
100006657365904
100018096030183
100016590163136
100034394528541
100001556387594
100024257554749
100010566227769
rhkrdbstls
100024867560995
100008059476265
100007101066614
100030909279983
100008996460995
100033809363664

성
100033555437277
baejoohyun991
tatsuo.denzel
cassie.scheld.731
100032617814915
chae.chae.921025
cutebaesunshine
daniel.liveoux
nicotedrag
hyosung.hyosung.509
haneul.af.7
100013138516125
100024426091164
100027558075201

차
100034960718276
august.baker.7946
aus.tin.376695
arsel.arsel.372019
maltzayn.maltzayn
100027023993679
gutdey.dhea
100002539791342
100033244294965
100003120500034
100003749480873
100022852561081
100011519325073
Kaitlyn.0808

주
100009492187458
100026452852195
airaabae
100009016780763
100031739270343
100000511267104
100003616801615
100013616984039
100013616984039
100006794742144
100028949491495
100023090314716
100025770640774
100024622815216
100024996186761
100024371584096

우
100011270504504
100008146021929
100005153656378
100007245999033
100005407904196
wjwarmy
100030136866397
100029619498261
100028850682736
100011428232072
100026644623401
100012583749122
yongun.u
ukhaing.gyi.988
100003543882929

구
go.june.9
100029895291916
100027333294361
100030808563326
100028323982850
gu.zel.1481
100022926670467
amy.gu.140193
aiguo.gu.9
100004703808911
100029217471238
100004206187071
100008273821689
100011463244700

신
100011113351336
100028839133847
100006660723554
100033488392066
100004507027931
100030619492456
100023184009302
100008196750030
susan.sin.9022
100023564192515
100030931275398
100031633247945
100021964029902
nacos.sin.33

임
gui.wang.79677
100025079405722
100006414102185
100033149500487
100026555724278
100030090948258
100005279101628
100019641375433
slothbabe
100023874992699
100024987614275
100002004821742
100022871411116
2.20Kg
100023710426072
100013689438033

전
angellvbl
100033024910865
100030801878239
100023096714994
100012323406147
100006153216427
100027839685677
100010250593403
100027933743009
100009977430626
100012880607307
100022765211201
100032335761211
100010635973862
100018556330858

민
100032085051399
100033442101270
100025183492726
100011720377371
100011353580587
100023908416131
100009586687414
100027180500119
100032944629194
100023250293238
100029876854835
100006791983488
100011353580587
100012877933097
100024254537938

유
yukirotasie
100028620492464
100030884109336
shyun6896
sksmsgksthf
100033085032042
100004897518685
100024775208048
100004158128002
100032551729082
100025193354803
100033533255669
100006243459859
100006685924462
100030668582807

류
rhea.alfarezi.1
100016076446612
100028350222478
100006049235892
100030646620501
100005305209347
100013553490343
100032668951345
100009017410197
100011276230428
100023247753985
100032538511323
100027577218154
100001434691884
100007286388636

진
100032193482446
100034266280743
100026802230904
100033356358363
100034685526079
100034758496432
100004764728199
100030856894737
100033028892078
100022521555014
100024168580375
100022630621876
dmswlsdhkdhk
100005661120650
100010211681368

나
narellia.myoui
100008574490271
100034289980131
100033598714474
100005818186895
100004835206584
100009424737099
100008230663779
100033096622693
100009208406376
100006459047142
100033118864356
100009565535493
100023175821238

지
dreamcwtchxr
100009994230295
100031846475164
100030615200356
100013405904675
100005311471236
godrudqldnjs
100017821294337
100000887951217
100006094094532
100018899282837
100023165469947
100022135622574
100028212862949

엄
francesca.bacciele.5
pordeus.rara
100001350385158
100030693615792
100032771050592
100007560874597
100019081638288
100004824014228
100030195482884
100002113291852
100023944323054
100025022116582
100006368743550
100005429474069
100024066822321

채
adonaivitch
100029553365592
100028488794842
allan.ferreira.18294053
100010661175913
100017463518594
lacy.lacy.50596
amber.nakamura.3
lea.blwer
nina.smash.94
100008088936781
100028930231898
100031392181224
100005005260565
100022550114685

원
100025985589491
100017948285373
100023302087540
100020784576668
100004099369202
100025345188971
100009663524879
100028862149306
100020784576668
100025345188971
won.chae.777
chae.won.927
100008464818637
100004177066926
won.won.54

천
neocitty
drasws
weepxl
stellar.halpern.7
100013751555522
satsuy.mourniet
eren.vunelle.3
nadine.delacour.14
100026312506039
100029467359065
lazybirdc
100004956465086
100001579405551
100033486186099
100024241723530
dudthcjs

방
miaogical
winquis.bandjabu.7
100033489017363
100033559580636
100011528465896
100023706972144
100004940972477
100033722056158
100012619868743
100003010656738
100001003673664
100007494660551
100007054900232
100024661356415
100004397411571
100034803464676

공
100027954763143
100030510669656
christine.gong.96
100023464807172
100018459241530
100009109907236
100004398618991
100008845593792
100028362381992
100010399174978
100001006415934
100016541854339
100007699001559
100030852364771
100018329830838

강
100032225985078
gang.lu.792
gang.xiang.1
gang.du.73
gang.he.54
100024567458057
xingang.zhao.5
Milktea.dragon
100012623234391
gang.zhao.186590
100032178813915
xiang.gang
100011556979235
100004754178185
100031016015580

현
100006659560596
100031507623435
100032196638197
100002829407884
100007916552306
100034378962937
100006919384583
100029268352867
100005913814586
100007556659222
100008042080322
100006415331469
100024265251177
100007841440680

함
rexie.rexie.9484
hamtaro.tsctsc.9
100001478913882
100008370030019
MuHamzii
100022073224074
100010819539695
jkmiso
100029492796726
hamysa
100009651729440
100011310007976
100006250423456
100024769114574
100003687364684

변
100015570127515
100017841465712
bjwihy
100031333841103
100023840739103
byunseo456
hayul0304
thackjoo.byun
100022221876270
100024318257715
ilykbg
100005213703345
100009348805450
100025776324216

염
100015542105500
100030312677813
100027624032532
100031402932946
100004898739560
100034984149761
100010548396127
100023889728066
100008356173520
100006042674702
100005410547894
100020210557380
100021649850507
100010048218983

양
kazuo.kazuo.9465
mackenzie.miller.3114935
100025241261877
maxwell.bluemoon
baikkokmantanciaa
100023248643323
sehee2160
100032220696052
100007359693248
100033405211361
bmbisus
snow3366
100023029504406
100001981466647
100001302718532
100011332034202

변
100015570127515
100017841465712
bjwihy
100023840739103
hayul0304
jambonami
100022903843421
thackjoo.byun
100022221876270
100024318257715
ilykbg
100005213703345
100009348805450
100025776324216

여
100029563775643
100010766923474
hongkuz
100011094071078
100035010661119
arimommyy
100034961373667
100001989497275
arimommyy
100034961373667
100001989497275
100034597904166
100004151586011
chanmi.yeo
100033710989320
100007575525634

추
cece.madson.7
100028251439677
melissa.afoda.5
addison.blossom.14
100011900976002
100016819681599
100027553773389
lys.matveev.3
alipjenong.jigababi
100006115759218
100009400633358
100014581542340
chulee.phang
duyen.miumiu.1
100006941259970

노
imaturoj
nttelx
100034721321614
100034654637293
100034898131419
100033626415850
100028008047613
100023753721972
100004848997865
100031536097141
100006302834189
100024838612400
ignapaul
100024511804429
100026489223223

도
Kyungst
100026297903919
100030893056863
100027361130344
100003170361923
100025665939675
100004909481446
100003134256892
100004640178703
100005747466110
100003466884019
100004857548080
100011510830009
100025919601468

소
yasui.trinfille
annelise.annelise.520
matsuyo.kanami.1
monie.monie.127201
100022454707522
helozinha.topzera.3
yeidy.tunille
jiro.mintro
yasui.suiya.9
100026635474228
rkfka12
100001396696030
Angelex.900409
100034686343133
100032785477432

신
100011113351336
100028839133847
100006660723554
100033488392066
100004507027931
100030619492456
100023184009302
quy.sin
100023564192515
susan.sin.9022
100008196750030
100030931275398
100031633247945
nacos.sin.33

석
hyunswag
100029521478925
suk.lev.12
100017909356775
parlmiri
100009062691110
100024848042760
100026557283979
100007750873537
100010031538730
100023135954602
jungwook.suk
100011495911455
100003744792382
100023308516075
100002289554788

선
vilana.chinotsuki.3
100031674070201
100025066477008
100031227782834
soyuny30
100004088088067
100034133867203
100004088088067
haseok6338
100012732155760
peopleconn
100024605560036
100034266083839
100034991550341
100002448382152

설
cathryne.cathryne.507
nami.mansae.3
melhorchaeyoungdosite
meltacansada
giulianna.bae.9
100026767723268
100034926983184
100012775748092
100025043854924
100026035893252
100023907136994
100007602199390
100029065328860
100006820938972

마
100025193868749
100017192494769
phyuphyu.aung.10
100009983734599
100013986071682
100029211375440
100034783012019
phamthanh.sang.7505
100005338111502
100011816056450
ma.tricker.336
100005471375930
dung.mama.395
min.G0422
ma.sungjae

길
100008435644416
100009971984786
gil.moreno.1675
gil.quilong.311
100006501462090
100028215228791
gil.coca.146
nicolasgil.pereg
gil.croes.9
100009534855999
gil.quilong.50
gil.puzon
gil.alcalde
100011784042816
100009999434110

주
100009492187458
100026452852195
airaabae
100009016780763
100031739270343
100000511267104
100003616801615
100004903086291
100024158255212
100030420879916
100024996186761
100022859146579
100024371584096
100025270335422
100030354576564
100031301266014

연
100017828862241
100025722798855
100012264946114
100032694592447
100030092176061
100009060528494
100028319803053
100029817978964
100013492992196
100024880153349
100011430652217
miaoyuqing8
100032094173804
100033503709074

방
miaogical
winquis.bandjabu.7
100033489017363
100033559580636
100011528465896
100023706972144
100004940972477
100033722056158
100012619868743
100003010656738
100001003673664
100007494660551
100007054900232
100024661356415
100004397411571
100034803464676

위
zhask.chepanthier
100011447289106
100020045918245
jeungtaek
100024620491140
100002098961806
KyungJin.We
100007852573463
100010329406456
100009834000421
100017312190473
100026000564111
100005726443977
100004777781614

표
kiyoko.dluminnier.3
100030358546156
100013007710481
fukishi.nakamura.3
azuza.sakami
100028315423291
100003583515665
xuanzhen.biao
100027288602047
100009165621690
100005478428872
100024094613724
100003888232002
pyomoungsuk

기
gi.weerasinghe
karol.gi.31
becky.gi.54
aleja.garrido.73
gi.altamira.5
PengagumMuOGG
100024383023005
giang.kieu.923519
100024383023005
100031598477663
100008137958539
gi.no.92102564
SpicyGigi86
as.mahen.7731

반
doyeon.nebeske.3
100032414287068
100008061000023
ban.gkok.9028
100005887232085
100027779329789
ban.nguyenthingoc
100008127699635
100023410838984
qksguadn
100034651024157
100005067572082
100013187550327
100023038391479
100001960587512

라
lafrontera.dice.79
100008172737825
lareina.delflow.1042
kevin.laliendra
laliendra.liendra.9
laliendra.gomez.1
laliendra.laliendra
la.kisty.3
pacha.lapineda.39
quotidien.laliberte.3
yoonkyung.wang
santacruz.delasierra.1671
100030513979985
lamulti.ani.167

왕
100032759683685
100030354003483
100025974291229
aganjhop.aganjhop.9
yireonniewang
100026415400825
jeonggukjck
indah.khoirunnisaa.71
100025516902780
ithudoshironakamura
100025266621298
100024364793742
freelancegeblek
wang.hong.967422
wang.tong.716
wangyongl

금
utopiaretha
mandykeum
100034764076323
100008273860432
100010844585661
100005644068479
100003187819847
keum1014
100034523500037
100010882177383
100009120302116
100012080146989
100025644410364
100025155572454

옥
100027643144586
100033510990590
OG.SACRED
100025404823045
100029731301203
ognya.lee.9
100008798350372
og.goldcoast.5
bilgvvn.baterdene.336
young.g.hood
100022546756478
janyla.singleton
100016905665688
100034203222696

육
100021850269281
100010369447931
100005642193805
100005102117353
100029857338595
100027603676787
100005937977898
yug.rana.121
guy.vezina1
100003636683061
100006243705137
100007817019622
100013261837679
100031587012276
100009411610961

인
100033105288376
edwimin
O2MKO7
kkottru
narin.in.52
100009903604926
100024356767117
100009346653839
100013586763155
100027416986455
100025351745265
100009659792282
100009227842868
100005105444629
100006477218730

맹
100029078391421
mengmabelle
100024424001193
100001085822534
100004241833909
100028570264196
100009071731383
100001675217337
khshsoo
100023770236230
100018325157724
100009486947626
100005978522553
100011022037272

제
100034724765492
100030995112175
matheus.yoongi.90
ryucoltt
maikon.soulindo
100025805281858
100012313327735
100012313327735
heitata.stadevolta.7
galafwngler
kyra.kyra.96592
yourjaewon
100021619144475
jwjuwodqfqff
100018238141948

모
miyazakisayu
jeonjungkookgameplays
ohnograce
kihus.hosseimi
100022422951228
qi.qu.714
100034390840633
100031344789394
100024613403534
100034998606820
100021261623607
100014072208792
100013342695976
100004260738140
100033396080564

장
100031139742955
margo.cansou.92
kagura.takashi.5
100002058313881
100026897993839
100011675240245
100008078614061
100029677775495
100021426318096
100004131221676
100034051500421
100031158605719
100028229055537
100005029260330
rizimi

탁
xkrrlgns
100032978450871
100007225454831
100010199464053
100006571502774
100006476101758
100025771132224
tag.clemence
100026709586144
valentins.tag.756
tag.tag.7186
100014017021473
100005051071869
david.lazar.5245961
taguhi.avdalyan.5

국
100016944602733
100006289783537
100025598951618
100028970594177
100004659286926
100022407591118
100009351584030
100032907375306
100024394245948
100023715503255
100005009946377
100003463452354
100030267541829
100012710080209
100034006838375

여
100029563775643
100010766923474
hongkuz
100011094071078
100035010661119
arimommyy
100034961373667
100001989497275
100001989497275
inyeob.yeo
100011464531368
100034375578541
chanmi.yeo
100000168568674
100020623248224
100010045602875

진
100032193482446
100034266280743
100026802230904
100033356358363
100034685526079
100034758496432
100004764728199
100030856894737
100033028892078
100022521555014
100024168580375
100022630621876
dmswlsdhkdhk
100005661120650
100010211681368

어
hotaru.hotaru.142
100029581922422
arisa.mardoka.1
colette.yask
100023896060287
100006470152500
100027964998939
100016087423232
100016087423232
100028709241186
100013808715518
100024644323298
100023554540286
100007884907795
100012453813102

은
100007422121256
100032569387373
100024993853863
100010724412916
100033636920480
100008049065733
100004882691994
100010641877862
100010631867857
100028795314194
100007697471188
100004616208566
100027642968621
100007247614375

구
go.june.9
100029895291916
100027333294361
100030808563326
100028323982850
gu.zel.1481
100022926670467
amy.gu.140193
aiguo.gu.9
100004703808911
100029217471238
100004206187071
100008273821689
100011463244700

용
akunrpwchaeyon
100026400975806
harujadesistiudetudo
asgard.lee.50
100003507359096
yong.lee.940
yongro
100023399752484
100030759650427
100003856154038
100005871213588
100008322580938
wangyongl
yongro

