0.0
0.0
0.0
0.0
0.0
0.0
0.0
0.0
0.0
0.0
0.0
0.0
0.0
0.0
0.0
0.0
0.0
0.0
0.0
0.0
0.0
0.0
0.0
0.0
0.0
0.0
0.0
0.0
0.0
0.0
0.0
1.0
1.0
1.0
1.0
1.0
1.4142135623730951
1.4142135623730951
1.4142135623730951
1.4142135623730951
1.4142135623730951
1.4142135623730951
1.4142135623730951
1.4142135623730951
1.4142135623730951
1.4142135623730951
1.4142135623730951
1.4142135623730951
1.7320508075688772
1.7320508075688772
1.7320508075688772
1.7320508075688772
1.7320508075688772
1.7320508075688772
1.7320508075688772
2.0
2.0
2.0
2.0
2.0
2.0
2.0
2.0
2.0
2.0
2.0
2.23606797749979
2.23606797749979
2.23606797749979
2.23606797749979
2.23606797749979
2.23606797749979
2.449489742783178
2.449489742783178
2.449489742783178
2.449489742783178
2.449489742783178
2.449489742783178
2.449489742783178
2.449489742783178
2.6457513110645907
2.6457513110645907
2.6457513110645907
2.8284271247461903
2.8284271247461903
2.8284271247461903
2.8284271247461903
2.8284271247461903
2.8284271247461903
2.8284271247461903
2.8284271247461903
2.8284271247461903
3.0
3.0
3.0
3.1622776601683795
3.1622776601683795
3.1622776601683795
3.1622776601683795
3.1622776601683795
3.3166247903554
3.3166247903554
3.3166247903554
3.3166247903554
3.3166247903554
3.4641016151377544
3.4641016151377544
3.4641016151377544
3.4641016151377544
3.4641016151377544
3.605551275463989
3.605551275463989
3.605551275463989
3.7416573867739413
3.7416573867739413
3.7416573867739413
3.872983346207417
3.872983346207417
3.872983346207417
3.872983346207417
3.872983346207417
4.0
4.0
4.0
4.0
4.123105625617661
4.123105625617661
4.123105625617661
4.123105625617661
4.242640687119285
4.242640687119285
4.358898943540674
4.358898943540674
4.358898943540674
4.358898943540674
4.358898943540674
4.358898943540674
4.47213595499958
4.47213595499958
4.47213595499958
4.58257569495584
4.69041575982343
4.69041575982343
4.69041575982343
4.69041575982343
4.795831523312719
4.795831523312719
4.795831523312719
4.898979485566356
4.898979485566356
5.0
5.0990195135927845
5.0990195135927845
5.0990195135927845
5.291502622129181
5.385164807134504
5.385164807134504
5.477225575051661
5.477225575051661
5.5677643628300215
5.744562646538029
6.0
6.082762530298219
6.324555320336759
1
2
3
4
5
6
7
8
9
10
11
12
13
14
15
16
17
18
19
20
21
22
23
24
25
26
27
28
29
30
31
32
33
34
35
36
37
38
39
40
41
42
43
44
45
46
47
48
49
50
51
52
53
54
55
56
57
58
59
60
61
62
63
64
65
66
67
68
69
70
71
72
73
74
75
76
77
78
79
80
81
82
83
84
85
86
87
88
89
90
91
92
93
94
95
96
97
98
99
100
101
102
103
104
105
106
107
108
109
110
111
112
113
114
115
116
117
118
119
120
121
122
123
124
125
126
127
128
129
130
131
132
133
134
135
136
137
138
139
140
141
142
143
144
145
146
147
148
149
150
151
152
153
154
155
156
157
158
159
160
161
162
163
164
